1000 5506
1 254 1
1 460 1
1 48 1
1 726 1
2 254 1
2 3 1
2 971 1
3 13 1
3 180 1
3 253 1
3 573 1
3 585 1
4 154 1
4 254 1
4 270 1
4 529 1
5 254 1
5 429 1
5 7 1
5 766 1
5 974 1
5 994 1
6 37 1
6 523 1
6 930 1
7 258 1
7 485 1
7 581 1
7 77 1
7 894 1
8 157 1
8 186 1
8 30 1
8 307 1
8 340 1
8 759 1
8 856 1
9 248 1
9 346 1
9 421 1
9 468 1
9 521 1
9 526 1
9 631 1
9 836 1
9 844 1
9 980 1
10 214 1
10 65 1
10 716 1
10 808 1
10 942 1
10 998 1
11 245 1
11 254 1
11 479 1
11 990 1
12 25 1
12 303 1
12 5 1
12 58 1
12 696 1
13 169 1
13 19 1
13 274 1
13 487 1
13 530 1
13 616 1
13 657 1
13 683 1
13 911 1
14 23 1
14 540 1
14 990 1
14 993 1
15 151 1
15 25 1
15 365 1
15 805 1
16 127 1
16 13 1
16 227 1
16 254 1
16 411 1
16 663 1
16 73 1
16 877 1
17 222 1
17 254 1
17 810 1
17 819 1
18 254 1
18 29 1
18 508 1
18 566 1
18 70 1
19 354 1
19 4 1
19 793 1
19 816 1
19 829 1
19 920 1
20 109 1
20 11 1
20 254 1
20 325 1
20 329 1
20 399 1
20 451 1
20 620 1
20 635 1
20 849 1
21 477 1
21 674 1
21 850 1
21 886 1
21 987 1
21 999 1
22 347 1
22 744 1
22 763 1
22 780 1
22 990 1
23 337 1
23 412 1
23 448 1
23 680 1
23 70 1
23 75 1
23 903 1
24 254 1
24 324 1
24 402 1
24 425 1
25 183 1
25 254 1
25 481 1
25 571 1
25 70 1
25 705 1
25 768 1
25 979 1
26 224 1
26 463 1
26 652 1
26 729 1
26 955 1
26 974 1
27 21 1
27 254 1
27 793 1
27 974 1
28 427 1
28 653 1
28 974 1
29 205 1
29 254 1
29 286 1
29 720 1
29 924 1
30 163 1
30 219 1
30 254 1
30 432 1
30 552 1
30 790 1
31 257 1
31 408 1
31 559 1
31 618 1
32 662 1
32 726 1
32 995 1
33 420 1
33 974 1
34 106 1
34 974 1
34 996 1
35 240 1
35 38 1
35 70 1
35 900 1
36 130 1
36 254 1
36 461 1
36 570 1
36 860 1
37 366 1
37 490 1
37 569 1
37 630 1
37 733 1
37 850 1
38 184 1
38 310 1
38 482 1
38 552 1
39 160 1
39 338 1
39 557 1
39 909 1
40 155 1
40 254 1
40 664 1
40 974 1
41 254 1
41 375 1
41 739 1
41 966 1
42 254 1
42 884 1
42 959 1
43 103 1
43 334 1
43 411 1
43 527 1
43 767 1
43 837 1
44 210 1
44 254 1
44 486 1
44 542 1
44 574 1
44 747 1
44 76 1
45 105 1
45 169 1
45 387 1
45 528 1
46 254 1
46 328 1
46 586 1
46 645 1
47 235 1
47 254 1
47 465 1
48 202 1
48 675 1
48 808 1
48 974 1
49 101 1
49 218 1
49 415 1
49 820 1
49 880 1
49 904 1
49 912 1
49 974 1
50 213 1
50 585 1
50 806 1
50 827 1
51 123 1
51 220 1
51 366 1
51 419 1
51 598 1
51 744 1
51 927 1
52 27 1
52 273 1
52 468 1
52 49 1
52 862 1
53 254 1
53 401 1
53 442 1
53 944 1
54 114 1
54 254 1
54 463 1
54 651 1
54 895 1
54 921 1
55 109 1
55 194 1
55 223 1
55 288 1
55 591 1
55 710 1
55 74 1
55 901 1
56 254 1
56 890 1
56 967 1
56 974 1
57 12 1
57 580 1
57 8 1
57 98 1
58 254 1
58 305 1
58 542 1
58 803 1
58 974 1
59 287 1
59 510 1
59 849 1
60 254 1
60 406 1
60 584 1
60 974 1
60 988 1
61 254 1
61 586 1
61 800 1
62 124 1
62 201 1
62 254 1
62 333 1
62 409 1
62 722 1
62 745 1
63 254 1
63 428 1
63 601 1
63 691 1
63 772 1
64 639 1
64 781 1
64 974 1
65 223 1
65 254 1
65 85 1
66 517 1
66 576 1
66 834 1
67 236 1
67 254 1
67 525 1
67 644 1
68 254 1
68 327 1
68 741 1
68 791 1
69 198 1
69 21 1
69 254 1
69 287 1
69 325 1
69 446 1
69 673 1
69 745 1
69 974 1
70 457 1
70 548 1
70 691 1
70 736 1
70 77 1
70 847 1
70 856 1
71 268 1
71 300 1
71 364 1
71 542 1
71 568 1
71 670 1
72 166 1
72 224 1
72 308 1
72 428 1
72 469 1
73 120 1
73 156 1
73 254 1
73 31 1
73 364 1
73 954 1
74 10 1
74 11 1
74 254 1
74 645 1
74 719 1
74 737 1
75 1 1
75 254 1
75 268 1
75 54 1
75 902 1
75 974 1
76 278 1
76 88 1
76 919 1
77 254 1
77 588 1
77 837 1
77 853 1
77 898 1
78 45 1
78 718 1
78 777 1
78 813 1
79 162 1
79 254 1
79 52 1
79 887 1
79 895 1
80 340 1
81 147 1
81 254 1
82 254 1
82 658 1
82 871 1
82 937 1
82 973 1
83 40 1
83 748 1
83 809 1
83 981 1
84 138 1
84 238 1
84 411 1
84 637 1
84 639 1
85 254 1
85 652 1
85 67 1
85 757 1
86 548 1
86 620 1
86 69 1
86 789 1
86 9 1
87 254 1
87 285 1
87 587 1
87 90 1
88 254 1
88 388 1
88 515 1
88 768 1
89 414 1
89 497 1
89 499 1
89 879 1
90 254 1
90 445 1
90 665 1
90 944 1
91 167 1
91 189 1
91 263 1
91 347 1
91 511 1
91 727 1
91 974 1
92 254 1
92 379 1
92 503 1
92 569 1
92 746 1
93 254 1
93 705 1
93 740 1
93 905 1
94 338 1
94 43 1
94 521 1
94 760 1
94 974 1
95 121 1
95 622 1
95 786 1
95 945 1
95 961 1
96 192 1
96 254 1
96 763 1
96 840 1
97 1 1
97 823 1
98 129 1
98 619 1
98 639 1
98 767 1
98 963 1
98 974 1
99 183 1
99 200 1
99 27 1
99 910 1
99 953 1
100 207 1
100 254 1
100 397 1
100 774 1
100 954 1
101 254 1
101 508 1
101 513 1
101 564 1
101 906 1
102 20 1
102 254 1
102 803 1
102 8 1
103 147 1
103 509 1
103 974 1
104 254 1
104 321 1
104 38 1
104 474 1
104 889 1
105 217 1
105 409 1
105 416 1
105 973 1
106 122 1
106 278 1
106 506 1
106 974 1
107 254 1
107 540 1
107 595 1
107 674 1
108 254 1
108 33 1
108 551 1
108 793 1
108 974 1
109 16 1
109 254 1
109 262 1
109 546 1
109 587 1
109 849 1
110 108 1
110 190 1
110 26 1
110 583 1
110 825 1
110 974 1
111 143 1
111 157 1
111 394 1
111 424 1
111 536 1
111 865 1
111 973 1
111 974 1
112 350 1
112 595 1
112 654 1
112 918 1
112 974 1
113 254 1
113 30 1
113 706 1
113 963 1
114 221 1
114 254 1
114 81 1
114 909 1
115 18 1
115 376 1
115 481 1
115 870 1
115 98 1
116 615 1
116 801 1
116 914 1
116 964 1
117 114 1
117 254 1
117 60 1
117 988 1
118 131 1
118 311 1
118 353 1
118 539 1
118 69 1
118 695 1
119 10 1
119 933 1
119 994 1
120 124 1
120 241 1
120 659 1
120 77 1
120 974 1
120 998 1
121 120 1
121 196 1
121 254 1
121 98 1
121 991 1
122 136 1
122 212 1
122 254 1
122 260 1
122 974 1
123 189 1
123 254 1
123 288 1
123 969 1
123 974 1
124 411 1
124 566 1
124 677 1
125 481 1
125 927 1
125 974 1
126 254 1
126 55 1
126 773 1
126 974 1
126 997 1
127 212 1
127 426 1
127 713 1
128 20 1
128 254 1
128 296 1
128 530 1
128 622 1
128 855 1
128 974 1
129 281 1
129 438 1
129 96 1
129 974 1
130 201 1
130 223 1
130 252 1
130 57 1
130 703 1
130 974 1
131 142 1
131 254 1
131 334 1
131 401 1
131 647 1
131 777 1
131 957 1
132 165 1
132 183 1
132 509 1
132 560 1
132 602 1
132 644 1
132 836 1
132 965 1
133 254 1
133 339 1
133 706 1
134 156 1
134 341 1
134 459 1
134 501 1
134 974 1
135 181 1
135 254 1
136 214 1
136 254 1
136 266 1
136 299 1
136 604 1
136 623 1
136 771 1
137 127 1
137 300 1
137 470 1
137 585 1
137 807 1
138 110 1
138 158 1
138 254 1
138 306 1
138 369 1
138 897 1
138 937 1
139 210 1
139 483 1
139 741 1
139 778 1
139 871 1
140 162 1
140 326 1
140 395 1
140 624 1
140 751 1
140 894 1
140 92 1
141 257 1
141 40 1
141 838 1
141 95 1
141 974 1
142 244 1
142 441 1
142 610 1
142 723 1
142 974 1
143 775 1
143 782 1
143 787 1
143 885 1
143 930 1
144 254 1
144 329 1
144 587 1
144 785 1
145 357 1
145 697 1
145 810 1
145 886 1
145 974 1
146 207 1
146 563 1
146 692 1
146 965 1
146 974 1
146 992 1
147 254 1
147 310 1
147 609 1
147 704 1
147 72 1
147 850 1
148 254 1
148 568 1
148 839 1
149 613 1
149 974 1
150 100 1
150 254 1
150 613 1
150 666 1
150 974 1
151 160 1
151 254 1
151 268 1
151 277 1
151 319 1
151 408 1
151 685 1
151 728 1
151 791 1
151 868 1
152 254 1
152 499 1
152 617 1
152 828 1
153 254 1
153 466 1
153 816 1
153 943 1
154 175 1
154 426 1
154 504 1
154 642 1
154 85 1
154 974 1
155 254 1
155 918 1
155 995 1
156 254 1
156 328 1
156 796 1
157 254 1
157 440 1
157 735 1
158 111 1
158 545 1
158 794 1
158 974 1
159 196 1
159 661 1
159 686 1
160 203 1
160 254 1
160 262 1
160 301 1
160 578 1
160 712 1
160 950 1
160 952 1
160 974 1
161 237 1
161 677 1
161 974 1
162 20 1
162 251 1
162 314 1
162 478 1
162 918 1
162 974 1
163 430 1
163 687 1
163 974 1
163 975 1
164 152 1
164 187 1
164 46 1
164 623 1
165 203 1
165 254 1
165 524 1
165 753 1
165 783 1
166 110 1
166 254 1
166 578 1
166 799 1
166 805 1
166 974 1
167 576 1
167 743 1
167 748 1
167 974 1
168 326 1
168 993 1
168 998 1
169 136 1
169 254 1
169 312 1
169 751 1
169 90 1
170 440 1
170 498 1
170 974 1
171 122 1
171 254 1
171 78 1
171 893 1
171 923 1
172 295 1
172 407 1
172 911 1
173 606 1
173 71 1
174 239 1
174 288 1
174 301 1
174 84 1
175 227 1
175 254 1
175 43 1
175 434 1
175 554 1
176 165 1
176 254 1
176 341 1
176 498 1
176 502 1
176 664 1
176 667 1
177 162 1
177 563 1
178 254 1
178 488 1
179 292 1
179 381 1
179 739 1
179 974 1
180 389 1
180 405 1
180 49 1
180 55 1
181 254 1
181 43 1
181 813 1
181 958 1
182 224 1
182 371 1
182 823 1
182 892 1
182 997 1
183 150 1
183 23 1
183 620 1
183 904 1
183 974 1
184 130 1
184 202 1
184 547 1
184 781 1
184 812 1
184 813 1
185 254 1
185 324 1
185 353 1
185 717 1
186 131 1
186 139 1
186 254 1
186 874 1
186 906 1
187 254 1
187 399 1
187 562 1
187 612 1
187 737 1
187 798 1
188 314 1
188 63 1
188 812 1
188 874 1
189 112 1
189 254 1
189 422 1
189 507 1
190 254 1
190 362 1
190 969 1
190 974 1
191 254 1
191 318 1
191 734 1
191 848 1
191 974 1
192 189 1
192 304 1
192 516 1
192 621 1
192 657 1
192 741 1
193 219 1
193 254 1
193 379 1
193 627 1
193 957 1
194 143 1
194 295 1
194 588 1
194 626 1
195 483 1
195 586 1
195 736 1
195 974 1
196 109 1
196 509 1
196 785 1
196 887 1
196 974 1
196 998 1
197 254 1
197 267 1
197 60 1
197 993 1
198 208 1
198 419 1
198 475 1
198 631 1
198 68 1
199 254 1
199 359 1
199 384 1
199 408 1
199 697 1
200 219 1
200 344 1
200 852 1
200 96 1
201 111 1
201 191 1
201 268 1
201 306 1
201 384 1
201 705 1
201 968 1
201 974 1
202 132 1
202 178 1
202 254 1
202 479 1
202 801 1
203 254 1
203 426 1
203 535 1
203 551 1
203 673 1
203 851 1
203 884 1
204 254 1
204 26 1
204 632 1
204 837 1
205 254 1
205 735 1
205 815 1
205 933 1
206 10 1
206 222 1
206 445 1
206 855 1
206 974 1
207 147 1
207 193 1
207 254 1
207 261 1
207 573 1
207 617 1
207 926 1
207 974 1
208 28 1
208 462 1
208 771 1
208 920 1
209 254 1
209 533 1
209 600 1
209 839 1
209 956 1
210 254 1
210 403 1
210 64 1
211 136 1
211 279 1
211 296 1
211 656 1
211 981 1
212 311 1
212 421 1
213 280 1
213 282 1
213 431 1
213 897 1
213 908 1
213 987 1
214 248 1
214 30 1
214 425 1
214 464 1
215 142 1
215 182 1
215 254 1
215 682 1
216 1000 1
216 224 1
216 604 1
216 821 1
216 839 1
217 293 1
217 428 1
217 731 1
217 876 1
217 95 1
217 974 1
218 184 1
218 241 1
218 254 1
218 406 1
218 906 1
219 105 1
219 254 1
219 399 1
219 423 1
219 561 1
219 575 1
220 118 1
220 131 1
220 824 1
220 9 1
221 216 1
221 458 1
221 670 1
222 235 1
222 352 1
222 442 1
222 551 1
222 622 1
222 923 1
223 166 1
223 561 1
223 659 1
223 666 1
223 960 1
224 194 1
224 254 1
224 408 1
224 445 1
224 652 1
224 974 1
225 254 1
225 317 1
225 491 1
225 753 1
225 974 1
226 254 1
226 543 1
226 574 1
226 690 1
226 957 1
227 166 1
227 455 1
227 832 1
227 838 1
227 974 1
227 993 1
228 557 1
228 631 1
228 735 1
228 941 1
228 974 1
229 30 1
229 411 1
229 746 1
229 844 1
230 246 1
230 368 1
230 619 1
230 707 1
230 727 1
230 971 1
231 166 1
231 254 1
231 551 1
231 69 1
231 756 1
231 966 1
232 100 1
232 254 1
232 341 1
232 556 1
232 842 1
232 974 1
233 117 1
233 243 1
233 629 1
234 375 1
234 524 1
234 561 1
234 974 1
235 218 1
235 701 1
235 891 1
235 942 1
236 587 1
236 721 1
236 740 1
236 871 1
237 20 1
237 515 1
237 567 1
237 958 1
237 974 1
238 101 1
238 486 1
238 52 1
238 799 1
239 118 1
239 254 1
239 616 1
239 629 1
239 634 1
239 771 1
239 839 1
240 254 1
240 607 1
240 760 1
240 798 1
240 82 1
240 974 1
241 198 1
241 254 1
241 525 1
241 69 1
241 9 1
242 255 1
242 267 1
242 578 1
242 745 1
242 931 1
243 254 1
243 42 1
243 805 1
244 254 1
244 307 1
244 328 1
244 520 1
244 600 1
244 619 1
245 162 1
245 254 1
245 527 1
246 225 1
246 254 1
246 477 1
246 629 1
246 896 1
247 556 1
247 826 1
247 974 1
248 249 1
248 546 1
248 94 1
248 974 1
249 258 1
249 446 1
249 545 1
249 601 1
250 422 1
250 459 1
250 961 1
251 15 1
251 254 1
251 491 1
251 705 1
251 805 1
251 929 1
252 240 1
252 487 1
252 796 1
252 86 1
252 974 1
253 102 1
253 254 1
253 285 1
253 323 1
253 610 1
253 625 1
254 10 1
254 103 1
254 105 1
254 106 1
254 110 1
254 111 1
254 112 1
254 115 1
254 116 1
254 118 1
254 119 1
254 120 1
254 12 1
254 124 1
254 125 1
254 127 1
254 129 1
254 130 1
254 13 1
254 132 1
254 134 1
254 137 1
254 139 1
254 140 1
254 14 1
254 141 1
254 142 1
254 143 1
254 145 1
254 146 1
254 149 1
254 15 1
254 154 1
254 158 1
254 159 1
254 161 1
254 162 1
254 163 1
254 164 1
254 167 1
254 168 1
254 170 1
254 172 1
254 173 1
254 174 1
254 177 1
254 179 1
254 180 1
254 182 1
254 183 1
254 184 1
254 188 1
254 19 1
254 192 1
254 194 1
254 195 1
254 196 1
254 198 1
254 200 1
254 201 1
254 206 1
254 208 1
254 21 1
254 211 1
254 213 1
254 214 1
254 216 1
254 217 1
254 220 1
254 22 1
254 222 1
254 223 1
254 227 1
254 228 1
254 229 1
254 230 1
254 23 1
254 233 1
254 234 1
254 235 1
254 236 1
254 237 1
254 238 1
254 242 1
254 247 1
254 248 1
254 249 1
254 250 1
254 252 1
254 255 1
254 257 1
254 258 1
254 26 1
254 269 1
254 270 1
254 271 1
254 272 1
254 273 1
254 274 1
254 276 1
254 278 1
254 282 1
254 283 1
254 284 1
254 285 1
254 286 1
254 288 1
254 291 1
254 297 1
254 298 1
254 299 1
254 302 1
254 304 1
254 306 1
254 308 1
254 309 1
254 3 1
254 31 1
254 311 1
254 316 1
254 317 1
254 32 1
254 321 1
254 326 1
254 328 1
254 33 1
254 333 1
254 334 1
254 336 1
254 34 1
254 341 1
254 342 1
254 345 1
254 347 1
254 348 1
254 349 1
254 35 1
254 352 1
254 353 1
254 355 1
254 357 1
254 358 1
254 360 1
254 361 1
254 363 1
254 366 1
254 367 1
254 37 1
254 372 1
254 373 1
254 374 1
254 376 1
254 38 1
254 381 1
254 382 1
254 383 1
254 385 1
254 388 1
254 389 1
254 390 1
254 39 1
254 393 1
254 395 1
254 397 1
254 399 1
254 400 1
254 401 1
254 406 1
254 408 1
254 410 1
254 411 1
254 414 1
254 416 1
254 417 1
254 421 1
254 423 1
254 425 1
254 43 1
254 431 1
254 433 1
254 434 1
254 435 1
254 436 1
254 441 1
254 442 1
254 443 1
254 444 1
254 448 1
254 450 1
254 45 1
254 451 1
254 452 1
254 453 1
254 456 1
254 457 1
254 458 1
254 464 1
254 467 1
254 470 1
254 471 1
254 478 1
254 479 1
254 480 1
254 48 1
254 481 1
254 482 1
254 483 1
254 488 1
254 490 1
254 49 1
254 491 1
254 492 1
254 493 1
254 495 1
254 50 1
254 504 1
254 505 1
254 507 1
254 51 1
254 512 1
254 513 1
254 515 1
254 516 1
254 517 1
254 520 1
254 52 1
254 526 1
254 532 1
254 533 1
254 535 1
254 536 1
254 537 1
254 541 1
254 544 1
254 545 1
254 548 1
254 549 1
254 550 1
254 55 1
254 551 1
254 554 1
254 561 1
254 564 1
254 565 1
254 566 1
254 570 1
254 57 1
254 576 1
254 577 1
254 578 1
254 582 1
254 583 1
254 584 1
254 585 1
254 586 1
254 587 1
254 588 1
254 590 1
254 59 1
254 591 1
254 592 1
254 593 1
254 594 1
254 596 1
254 597 1
254 599 1
254 603 1
254 604 1
254 608 1
254 6 1
254 613 1
254 614 1
254 615 1
254 616 1
254 618 1
254 621 1
254 623 1
254 630 1
254 632 1
254 633 1
254 635 1
254 636 1
254 640 1
254 64 1
254 642 1
254 643 1
254 644 1
254 645 1
254 647 1
254 650 1
254 653 1
254 654 1
254 655 1
254 656 1
254 657 1
254 66 1
254 663 1
254 664 1
254 665 1
254 666 1
254 667 1
254 669 1
254 671 1
254 672 1
254 676 1
254 678 1
254 684 1
254 686 1
254 687 1
254 688 1
254 689 1
254 692 1
254 695 1
254 696 1
254 698 1
254 699 1
254 700 1
254 70 1
254 702 1
254 703 1
254 704 1
254 706 1
254 707 1
254 709 1
254 7 1
254 71 1
254 711 1
254 712 1
254 714 1
254 715 1
254 716 1
254 720 1
254 72 1
254 722 1
254 724 1
254 729 1
254 731 1
254 732 1
254 734 1
254 741 1
254 742 1
254 745 1
254 746 1
254 749 1
254 750 1
254 752 1
254 755 1
254 756 1
254 758 1
254 760 1
254 76 1
254 762 1
254 768 1
254 769 1
254 774 1
254 778 1
254 780 1
254 78 1
254 781 1
254 782 1
254 783 1
254 784 1
254 785 1
254 786 1
254 787 1
254 789 1
254 791 1
254 794 1
254 798 1
254 800 1
254 80 1
254 801 1
254 802 1
254 804 1
254 805 1
254 807 1
254 808 1
254 8 1
254 811 1
254 815 1
254 818 1
254 819 1
254 823 1
254 825 1
254 829 1
254 830 1
254 83 1
254 831 1
254 832 1
254 833 1
254 834 1
254 835 1
254 836 1
254 838 1
254 84 1
254 841 1
254 842 1
254 845 1
254 846 1
254 848 1
254 849 1
254 852 1
254 855 1
254 858 1
254 859 1
254 860 1
254 86 1
254 863 1
254 865 1
254 868 1
254 872 1
254 873 1
254 874 1
254 875 1
254 876 1
254 880 1
254 884 1
254 885 1
254 886 1
254 888 1
254 889 1
254 890 1
254 89 1
254 891 1
254 893 1
254 894 1
254 896 1
254 898 1
254 900 1
254 902 1
254 903 1
254 905 1
254 906 1
254 907 1
254 908 1
254 9 1
254 910 1
254 91 1
254 911 1
254 913 1
254 916 1
254 918 1
254 919 1
254 920 1
254 921 1
254 922 1
254 925 1
254 927 1
254 928 1
254 929 1
254 931 1
254 932 1
254 936 1
254 938 1
254 939 1
254 940 1
254 94 1
254 941 1
254 942 1
254 943 1
254 944 1
254 949 1
254 950 1
254 95 1
254 951 1
254 955 1
254 956 1
254 957 1
254 958 1
254 960 1
254 961 1
254 962 1
254 965 1
254 967 1
254 969 1
254 970 1
254 97 1
254 971 1
254 973 1
254 976 1
254 98 1
254 981 1
254 985 1
254 986 1
254 987 1
254 988 1
254 989 1
254 99 1
254 991 1
254 992 1
254 993 1
254 995 1
254 996 1
255 327 1
255 419 1
255 635 1
256 254 1
256 454 1
256 469 1
256 470 1
256 615 1
257 625 1
257 923 1
257 930 1
258 121 1
258 139 1
258 419 1
258 44 1
258 57 1
258 723 1
258 974 1
259 254 1
259 282 1
260 123 1
260 254 1
260 292 1
260 87 1
260 894 1
260 947 1
260 948 1
261 254 1
261 408 1
261 839 1
262 128 1
262 252 1
262 254 1
262 467 1
262 773 1
262 974 1
263 254 1
263 290 1
263 42 1
263 832 1
263 883 1
264 247 1
264 254 1
264 312 1
264 428 1
264 49 1
265 130 1
265 754 1
265 900 1
265 950 1
265 976 1
266 199 1
266 254 1
266 56 1
266 597 1
266 748 1
266 874 1
266 974 1
267 158 1
267 16 1
267 254 1
267 274 1
267 496 1
267 505 1
267 867 1
268 254 1
268 269 1
268 385 1
268 702 1
268 779 1
268 861 1
269 187 1
269 339 1
269 434 1
269 816 1
270 110 1
270 743 1
270 952 1
270 991 1
271 391 1
271 423 1
271 429 1
271 548 1
271 666 1
272 435 1
272 601 1
272 629 1
272 847 1
272 917 1
273 387 1
273 5 1
273 545 1
273 705 1
273 974 1
274 36 1
274 681 1
274 972 1
274 974 1
275 254 1
275 267 1
275 701 1
275 974 1
276 104 1
276 109 1
276 332 1
276 636 1
276 974 1
277 125 1
277 254 1
277 325 1
277 587 1
277 807 1
278 149 1
278 207 1
278 23 1
278 782 1
279 140 1
279 254 1
279 609 1
279 957 1
279 974 1
280 254 1
280 517 1
280 569 1
280 974 1
281 131 1
281 166 1
281 254 1
281 297 1
281 541 1
281 550 1
281 662 1
282 120 1
282 128 1
282 148 1
282 427 1
282 576 1
282 70 1
283 384 1
283 486 1
283 868 1
283 980 1
284 568 1
284 689 1
284 920 1
284 943 1
284 953 1
284 974 1
285 171 1
285 331 1
285 422 1
285 435 1
285 496 1
285 827 1
285 964 1
286 160 1
286 373 1
286 397 1
286 543 1
286 974 1
286 981 1
287 219 1
287 254 1
287 293 1
287 909 1
287 974 1
288 111 1
288 122 1
288 456 1
288 727 1
289 201 1
289 254 1
289 442 1
289 560 1
289 630 1
290 17 1
290 181 1
290 254 1
290 723 1
290 904 1
291 140 1
291 163 1
291 593 1
291 974 1
292 120 1
292 160 1
292 254 1
292 348 1
292 761 1
292 935 1
292 974 1
293 254 1
293 283 1
293 380 1
293 433 1
293 44 1
294 144 1
294 254 1
295 153 1
295 218 1
295 254 1
295 339 1
295 715 1
295 802 1
295 920 1
296 254 1
296 388 1
296 553 1
296 705 1
297 416 1
297 62 1
297 878 1
298 117 1
298 179 1
298 378 1
298 518 1
299 38 1
299 576 1
299 606 1
299 899 1
300 193 1
300 254 1
300 556 1
300 672 1
300 974 1
301 254 1
301 281 1
301 290 1
301 502 1
301 67 1
301 964 1
301 993 1
302 133 1
302 195 1
302 462 1
302 913 1
302 974 1
303 254 1
303 579 1
303 769 1
304 141 1
304 19 1
304 317 1
304 438 1
304 581 1
304 974 1
305 254 1
305 275 1
305 592 1
305 974 1
306 209 1
306 270 1
306 511 1
306 646 1
306 947 1
307 176 1
307 254 1
307 49 1
307 934 1
308 249 1
308 319 1
308 565 1
308 722 1
309 211 1
309 580 1
309 731 1
309 909 1
310 254 1
310 268 1
310 589 1
310 932 1
311 155 1
311 219 1
311 258 1
311 542 1
311 857 1
311 972 1
311 994 1
312 111 1
312 254 1
312 300 1
312 534 1
312 681 1
312 958 1
313 21 1
313 254 1
313 377 1
313 394 1
313 656 1
313 971 1
314 254 1
314 319 1
314 389 1
314 809 1
314 866 1
315 179 1
315 205 1
315 254 1
315 290 1
315 426 1
315 463 1
316 117 1
316 13 1
316 400 1
316 684 1
316 899 1
317 203 1
317 300 1
317 418 1
317 601 1
317 822 1
317 922 1
318 254 1
318 711 1
318 713 1
319 159 1
319 190 1
319 254 1
319 453 1
319 577 1
319 59 1
319 974 1
320 254 1
320 336 1
320 39 1
320 394 1
320 417 1
320 60 1
321 207 1
321 211 1
321 319 1
321 686 1
321 697 1
321 790 1
321 954 1
322 254 1
322 280 1
322 398 1
322 422 1
322 508 1
322 912 1
323 254 1
323 699 1
323 740 1
323 74 1
323 861 1
323 967 1
323 974 1
324 254 1
324 365 1
324 405 1
324 568 1
324 782 1
324 817 1
325 105 1
325 184 1
325 254 1
325 519 1
325 631 1
326 21 1
326 333 1
326 48 1
326 511 1
326 718 1
326 81 1
326 828 1
326 91 1
327 146 1
327 254 1
328 289 1
328 562 1
328 590 1
328 880 1
329 254 1
329 580 1
329 647 1
329 816 1
329 964 1
329 971 1
329 974 1
330 254 1
330 749 1
330 806 1
330 83 1
331 106 1
331 15 1
331 254 1
331 440 1
331 675 1
332 254 1
332 500 1
332 68 1
332 819 1
333 178 1
333 439 1
333 468 1
333 555 1
334 201 1
334 277 1
334 284 1
334 951 1
334 971 1
335 107 1
335 254 1
335 473 1
335 990 1
336 203 1
336 635 1
336 974 1
337 254 1
337 599 1
337 706 1
338 254 1
338 54 1
338 628 1
338 644 1
338 721 1
338 912 1
339 254 1
339 392 1
339 406 1
339 565 1
339 928 1
339 999 1
340 171 1
340 254 1
340 706 1
340 767 1
341 175 1
341 529 1
341 797 1
341 91 1
341 917 1
342 154 1
342 246 1
342 501 1
342 83 1
342 966 1
343 239 1
343 254 1
343 571 1
344 254 1
344 456 1
344 465 1
344 89 1
345 18 1
345 402 1
345 853 1
346 254 1
346 391 1
346 393 1
346 558 1
346 670 1
346 85 1
347 216 1
347 579 1
347 649 1
348 186 1
348 305 1
348 751 1
348 957 1
349 221 1
349 527 1
349 774 1
349 974 1
350 254 1
350 291 1
350 386 1
350 624 1
350 761 1
351 254 1
351 495 1
351 568 1
351 812 1
351 974 1
352 588 1
352 607 1
352 615 1
352 616 1
352 761 1
353 112 1
353 435 1
353 603 1
353 699 1
353 795 1
354 254 1
354 606 1
354 795 1
354 942 1
355 494 1
355 495 1
355 510 1
356 254 1
356 547 1
356 672 1
357 292 1
357 547 1
357 575 1
357 889 1
357 940 1
358 289 1
359 254 1
359 468 1
359 694 1
360 228 1
360 329 1
360 390 1
360 444 1
360 573 1
361 116 1
361 275 1
361 580 1
361 878 1
361 974 1
362 254 1
362 792 1
362 974 1
363 295 1
363 452 1
363 744 1
363 955 1
364 254 1
364 259 1
364 541 1
364 994 1
365 176 1
365 254 1
365 9 1
365 916 1
365 961 1
365 974 1
366 229 1
366 262 1
366 472 1
366 552 1
366 838 1
366 974 1
367 259 1
367 396 1
367 412 1
367 455 1
367 497 1
367 507 1
367 729 1
368 254 1
368 388 1
368 391 1
368 571 1
369 21 1
369 254 1
369 400 1
370 254 1
370 302 1
370 826 1
371 143 1
371 254 1
371 321 1
371 412 1
371 788 1
371 974 1
372 102 1
372 974 1
373 385 1
373 56 1
373 731 1
373 982 1
374 37 1
374 746 1
374 932 1
375 204 1
375 254 1
375 654 1
375 843 1
376 153 1
376 251 1
376 443 1
376 640 1
376 861 1
377 254 1
377 745 1
377 827 1
377 974 1
378 254 1
378 304 1
378 905 1
379 254 1
379 4 1
379 766 1
380 227 1
380 254 1
380 661 1
380 708 1
380 748 1
381 115 1
381 132 1
381 44 1
381 454 1
381 78 1
381 789 1
381 974 1
382 122 1
382 530 1
382 916 1
382 942 1
383 301 1
383 460 1
384 151 1
384 246 1
384 254 1
384 322 1
384 550 1
384 658 1
384 739 1
384 741 1
385 197 1
385 649 1
385 765 1
385 914 1
385 919 1
385 945 1
386 254 1
386 623 1
386 823 1
387 254 1
387 380 1
387 427 1
387 945 1
388 112 1
388 503 1
388 614 1
388 688 1
388 728 1
389 108 1
389 260 1
389 55 1
389 662 1
389 974 1
390 279 1
390 47 1
390 694 1
390 736 1
390 841 1
391 150 1
391 153 1
391 254 1
391 679 1
391 779 1
391 816 1
391 946 1
392 254 1
392 501 1
392 710 1
393 142 1
393 285 1
393 552 1
393 840 1
394 254 1
394 281 1
394 527 1
394 974 1
395 260 1
395 487 1
395 802 1
395 974 1
396 191 1
396 254 1
396 927 1
397 266 1
397 418 1
397 479 1
397 611 1
397 838 1
397 925 1
398 144 1
398 254 1
398 875 1
398 882 1
399 232 1
399 381 1
399 942 1
399 992 1
400 1000 1
400 256 1
400 503 1
400 638 1
400 734 1
400 812 1
401 154 1
401 213 1
401 308 1
401 394 1
401 865 1
402 145 1
402 254 1
402 447 1
402 974 1
403 201 1
403 254 1
403 381 1
403 669 1
404 254 1
404 432 1
404 645 1
404 93 1
405 254 1
405 498 1
405 570 1
405 869 1
405 937 1
406 199 1
406 262 1
406 578 1
406 582 1
406 824 1
406 974 1
407 203 1
407 254 1
407 73 1
408 19 1
408 258 1
408 423 1
408 450 1
408 747 1
408 935 1
408 974 1
409 189 1
409 254 1
409 356 1
409 698 1
410 572 1
410 65 1
410 699 1
410 815 1
411 302 1
411 364 1
411 70 1
411 717 1
411 93 1
411 936 1
412 254 1
412 409 1
412 476 1
412 495 1
412 814 1
413 144 1
413 254 1
413 369 1
414 231 1
414 322 1
414 350 1
414 367 1
414 678 1
415 254 1
415 801 1
415 947 1
415 974 1
415 999 1
416 230 1
416 366 1
416 467 1
416 475 1
416 482 1
416 563 1
416 973 1
417 217 1
417 671 1
417 737 1
417 762 1
417 900 1
418 145 1
418 162 1
418 254 1
418 264 1
418 668 1
418 893 1
419 254 1
419 265 1
419 461 1
419 710 1
419 820 1
419 974 1
420 254 1
420 351 1
420 893 1
421 185 1
421 363 1
421 592 1
421 679 1
422 254 1
422 264 1
422 279 1
422 470 1
422 679 1
422 822 1
423 161 1
423 240 1
423 31 1
423 317 1
423 487 1
423 610 1
423 864 1
424 113 1
424 254 1
424 36 1
424 441 1
424 725 1
424 82 1
425 366 1
425 404 1
425 670 1
425 806 1
425 974 1
426 254 1
426 770 1
426 903 1
426 906 1
426 917 1
426 974 1
427 254 1
427 349 1
427 519 1
427 584 1
427 664 1
428 254 1
428 389 1
428 492 1
428 661 1
428 711 1
429 132 1
429 23 1
429 254 1
429 835 1
429 861 1
430 254 1
430 57 1
430 881 1
430 938 1
430 974 1
430 99 1
431 196 1
431 314 1
431 86 1
431 974 1
432 175 1
432 254 1
432 579 1
433 120 1
433 155 1
433 441 1
434 107 1
434 396 1
434 525 1
434 641 1
434 828 1
435 547 1
435 650 1
435 707 1
435 776 1
436 380 1
436 41 1
436 79 1
436 978 1
437 254 1
437 771 1
437 897 1
438 254 1
438 974 1
439 9 1
439 941 1
439 953 1
440 254 1
440 294 1
440 309 1
440 50 1
440 762 1
440 915 1
441 386 1
441 413 1
441 776 1
441 78 1
441 853 1
442 104 1
442 445 1
442 562 1
442 590 1
442 700 1
442 731 1
443 354 1
443 547 1
443 589 1
444 460 1
444 755 1
444 966 1
445 254 1
445 34 1
445 485 1
445 676 1
445 903 1
446 254 1
446 683 1
447 139 1
447 204 1
447 254 1
447 664 1
447 766 1
448 209 1
448 436 1
448 544 1
448 556 1
448 959 1
449 254 1
449 6 1
449 681 1
449 730 1
449 954 1
450 267 1
450 783 1
450 974 1
451 440 1
451 734 1
451 921 1
451 974 1
452 324 1
452 391 1
452 721 1
452 935 1
453 97 1
453 974 1
453 988 1
454 254 1
454 475 1
454 580 1
454 887 1
455 23 1
455 254 1
455 422 1
455 471 1
455 516 1
455 781 1
456 181 1
456 36 1
456 770 1
456 785 1
457 418 1
457 765 1
457 932 1
458 147 1
458 295 1
458 502 1
458 507 1
458 947 1
459 254 1
459 315 1
459 637 1
459 687 1
459 813 1
459 823 1
460 152 1
460 254 1
460 71 1
460 838 1
461 218 1
461 254 1
461 29 1
461 683 1
462 254 1
462 263 1
462 653 1
462 67 1
463 254 1
463 319 1
463 440 1
463 486 1
463 562 1
463 765 1
463 974 1
464 160 1
464 478 1
464 570 1
464 694 1
464 757 1
464 925 1
465 236 1
465 254 1
465 337 1
465 750 1
465 805 1
466 242 1
466 254 1
466 76 1
467 285 1
467 301 1
467 862 1
467 900 1
468 106 1
468 254 1
468 351 1
468 470 1
468 935 1
468 954 1
468 974 1
469 137 1
469 165 1
469 254 1
469 344 1
469 560 1
469 738 1
469 764 1
470 251 1
470 304 1
470 373 1
470 391 1
470 977 1
471 153 1
471 276 1
471 424 1
471 430 1
472 254 1
472 277 1
472 367 1
472 928 1
473 152 1
473 254 1
473 313 1
473 728 1
473 765 1
474 254 1
474 293 1
474 716 1
475 254 1
475 267 1
475 825 1
476 227 1
476 254 1
476 494 1
476 69 1
476 772 1
477 254 1
477 911 1
477 96 1
478 156 1
478 326 1
478 346 1
478 74 1
479 218 1
479 434 1
479 468 1
479 486 1
479 727 1
479 901 1
480 108 1
480 642 1
480 896 1
480 974 1
481 123 1
481 326 1
481 365 1
481 404 1
481 767 1
481 893 1
482 234 1
482 273 1
482 415 1
482 794 1
483 204 1
483 47 1
483 774 1
483 912 1
484 254 1
484 726 1
484 780 1
484 980 1
485 254 1
485 352 1
485 397 1
485 622 1
485 973 1
486 254 1
486 595 1
486 597 1
486 775 1
486 79 1
486 974 1
487 254 1
487 26 1
487 45 1
487 55 1
487 974 1
487 999 1
488 739 1
488 862 1
488 87 1
488 876 1
489 254 1
489 910 1
489 916 1
490 117 1
490 417 1
490 520 1
490 528 1
490 568 1
490 937 1
491 933 1
491 959 1
491 977 1
492 323 1
492 639 1
492 978 1
493 202 1
493 355 1
493 406 1
493 826 1
493 891 1
493 909 1
494 254 1
494 260 1
494 545 1
494 569 1
494 814 1
495 138 1
495 346 1
495 655 1
495 703 1
495 974 1
496 202 1
496 641 1
496 947 1
497 190 1
497 242 1
497 254 1
497 41 1
497 9 1
498 121 1
498 254 1
498 381 1
498 709 1
498 720 1
498 751 1
498 906 1
498 974 1
499 254 1
499 472 1
499 724 1
500 151 1
500 254 1
500 503 1
500 974 1
501 16 1
501 254 1
501 981 1
501 993 1
502 254 1
502 256 1
502 31 1
502 410 1
502 428 1
502 487 1
502 865 1
503 254 1
503 281 1
503 376 1
503 621 1
503 650 1
503 84 1
503 91 1
504 108 1
504 20 1
504 434 1
504 82 1
504 974 1
505 519 1
505 631 1
505 898 1
506 238 1
506 254 1
506 414 1
506 725 1
507 276 1
507 325 1
507 35 1
507 360 1
507 513 1
507 722 1
508 140 1
508 254 1
508 294 1
508 318 1
508 614 1
508 924 1
508 928 1
509 169 1
509 18 1
509 228 1
509 254 1
509 337 1
509 747 1
509 785 1
510 254 1
510 391 1
510 481 1
511 254 1
511 596 1
511 639 1
511 776 1
511 933 1
511 98 1
512 836 1
513 289 1
513 5 1
513 576 1
513 981 1
514 191 1
514 254 1
514 29 1
514 313 1
514 508 1
515 14 1
515 523 1
515 612 1
515 912 1
516 244 1
516 331 1
516 338 1
516 587 1
516 783 1
516 974 1
517 138 1
517 264 1
517 402 1
517 752 1
517 841 1
518 254 1
518 667 1
518 864 1
519 134 1
519 210 1
519 254 1
519 619 1
519 864 1
520 710 1
520 923 1
520 935 1
520 988 1
521 182 1
521 254 1
521 717 1
522 254 1
522 310 1
522 671 1
523 254 1
523 464 1
523 787 1
523 791 1
524 154 1
524 239 1
524 254 1
524 313 1
524 533 1
524 974 1
525 254 1
525 397 1
525 405 1
525 630 1
525 974 1
526 12 1
526 503 1
526 857 1
526 859 1
527 215 1
527 254 1
527 699 1
527 974 1
527 984 1
528 14 1
528 254 1
528 3 1
528 329 1
528 803 1
529 254 1
529 55 1
529 828 1
530 110 1
530 220 1
530 254 1
530 660 1
531 254 1
531 487 1
531 73 1
532 151 1
532 266 1
532 379 1
533 318 1
533 635 1
533 703 1
533 782 1
533 974 1
534 254 1
534 751 1
534 970 1
535 509 1
535 797 1
535 974 1
535 984 1
536 226 1
536 239 1
536 465 1
536 493 1
536 901 1
537 69 1
537 878 1
538 254 1
539 254 1
539 441 1
539 659 1
540 254 1
540 362 1
540 397 1
541 542 1
541 669 1
541 943 1
542 254 1
542 402 1
542 419 1
542 440 1
542 74 1
542 862 1
542 956 1
543 20 1
543 254 1
543 271 1
543 60 1
543 866 1
543 974 1
544 186 1
544 204 1
544 281 1
544 575 1
544 622 1
544 990 1
545 134 1
545 176 1
545 200 1
545 242 1
545 72 1
545 833 1
546 1 1
546 254 1
546 323 1
546 497 1
546 62 1
546 974 1
547 20 1
547 254 1
547 439 1
547 772 1
547 989 1
548 151 1
548 348 1
548 889 1
548 953 1
548 963 1
548 974 1
549 623 1
549 82 1
549 978 1
550 53 1
550 589 1
550 852 1
551 175 1
551 19 1
551 447 1
551 546 1
551 754 1
551 901 1
551 974 1
552 206 1
552 254 1
552 708 1
552 864 1
552 885 1
552 89 1
553 254 1
553 426 1
553 792 1
553 903 1
554 138 1
554 311 1
554 504 1
554 634 1
554 880 1
555 201 1
555 254 1
555 365 1
555 502 1
555 835 1
556 184 1
556 230 1
556 254 1
556 316 1
556 552 1
557 254 1
557 560 1
557 578 1
557 596 1
557 756 1
557 979 1
558 254 1
558 276 1
558 524 1
558 801 1
559 101 1
559 111 1
559 228 1
559 230 1
559 254 1
559 384 1
559 612 1
560 231 1
560 254 1
560 286 1
560 737 1
560 974 1
561 493 1
561 536 1
561 55 1
561 844 1
561 974 1
562 254 1
562 310 1
562 319 1
562 374 1
562 974 1
563 115 1
563 254 1
563 654 1
564 230 1
564 392 1
564 62 1
564 862 1
564 87 1
564 906 1
564 971 1
565 41 1
565 479 1
565 834 1
565 926 1
566 231 1
566 287 1
566 829 1
566 872 1
566 973 1
566 984 1
567 254 1
567 468 1
567 632 1
567 88 1
568 195 1
568 254 1
568 309 1
568 330 1
568 838 1
568 846 1
568 942 1
569 254 1
569 463 1
569 71 1
569 751 1
569 851 1
570 400 1
570 762 1
570 886 1
570 943 1
571 254 1
571 742 1
571 761 1
571 823 1
572 112 1
572 254 1
572 270 1
572 51 1
572 632 1
573 128 1
573 254 1
573 616 1
573 796 1
573 974 1
574 254 1
574 361 1
574 404 1
574 793 1
575 132 1
575 164 1
575 254 1
575 558 1
575 82 1
576 14 1
576 241 1
576 378 1
576 416 1
576 548 1
576 715 1
576 812 1
576 819 1
576 996 1
577 229 1
577 230 1
577 559 1
577 656 1
577 728 1
578 263 1
578 320 1
578 675 1
578 710 1
578 877 1
578 974 1
579 110 1
579 390 1
579 616 1
579 867 1
580 254 1
580 517 1
580 665 1
580 676 1
580 93 1
581 254 1
581 449 1
581 939 1
582 464 1
582 510 1
582 609 1
582 693 1
583 258 1
583 610 1
583 749 1
583 941 1
583 944 1
584 275 1
584 390 1
584 974 1
585 182 1
585 528 1
585 870 1
585 934 1
585 974 1
586 196 1
586 368 1
586 398 1
586 974 1
587 118 1
587 136 1
587 265 1
587 316 1
587 639 1
587 791 1
587 820 1
587 986 1
588 111 1
588 323 1
588 44 1
588 675 1
588 775 1
588 839 1
589 254 1
589 921 1
589 974 1
590 706 1
590 820 1
590 974 1
591 100 1
591 375 1
591 387 1
591 665 1
591 974 1
592 356 1
592 882 1
592 901 1
592 954 1
593 244 1
593 537 1
593 605 1
593 661 1
594 260 1
594 728 1
594 755 1
594 760 1
594 907 1
595 130 1
595 215 1
595 254 1
595 830 1
596 148 1
596 280 1
596 526 1
596 787 1
597 292 1
597 352 1
597 437 1
597 660 1
597 679 1
598 254 1
598 370 1
598 974 1
599 30 1
599 489 1
599 682 1
599 735 1
600 254 1
600 423 1
600 877 1
601 203 1
601 254 1
601 298 1
601 432 1
601 904 1
602 254 1
602 775 1
602 803 1
603 222 1
603 287 1
603 852 1
603 983 1
604 20 1
604 8 1
604 849 1
605 113 1
605 228 1
605 254 1
605 814 1
606 198 1
606 254 1
606 712 1
606 718 1
606 825 1
606 843 1
606 949 1
607 254 1
607 335 1
607 64 1
607 974 1
608 761 1
608 884 1
608 94 1
609 254 1
609 490 1
609 51 1
609 671 1
609 970 1
610 254 1
610 301 1
610 458 1
610 606 1
610 742 1
610 974 1
611 100 1
611 2 1
611 842 1
612 129 1
612 254 1
612 409 1
612 412 1
612 625 1
612 709 1
612 731 1
612 866 1
612 987 1
613 304 1
613 316 1
613 357 1
613 733 1
613 974 1
614 329 1
614 444 1
614 506 1
614 620 1
614 662 1
614 675 1
614 919 1
614 940 1
615 177 1
615 690 1
615 714 1
615 75 1
615 974 1
616 114 1
616 197 1
616 198 1
616 455 1
616 5 1
616 666 1
616 710 1
616 715 1
616 869 1
617 254 1
617 313 1
617 382 1
617 539 1
617 722 1
617 913 1
618 16 1
618 269 1
618 706 1
619 254 1
619 371 1
619 477 1
619 839 1
619 90 1
620 254 1
620 612 1
620 682 1
620 736 1
621 128 1
621 140 1
621 761 1
621 822 1
621 950 1
622 254 1
622 342 1
622 493 1
622 594 1
622 833 1
622 968 1
622 974 1
623 275 1
623 53 1
623 555 1
623 647 1
623 835 1
623 974 1
624 254 1
624 516 1
624 658 1
624 939 1
625 254 1
625 309 1
625 480 1
625 567 1
625 889 1
626 254 1
626 27 1
626 594 1
626 788 1
627 760 1
627 797 1
627 897 1
628 119 1
628 254 1
628 970 1
629 129 1
629 254 1
629 459 1
629 852 1
629 98 1
630 23 1
630 418 1
630 424 1
630 44 1
630 974 1
631 254 1
631 305 1
631 581 1
631 807 1
631 845 1
632 206 1
632 234 1
632 611 1
632 62 1
632 635 1
632 870 1
632 938 1
632 958 1
633 174 1
633 37 1
633 533 1
633 79 1
634 254 1
634 297 1
634 818 1
634 831 1
634 841 1
635 131 1
635 266 1
635 627 1
635 664 1
635 680 1
635 951 1
635 974 1
636 253 1
636 524 1
636 849 1
636 974 1
637 16 1
637 254 1
637 271 1
637 85 1
638 254 1
638 640 1
639 123 1
639 136 1
639 254 1
639 381 1
639 449 1
639 51 1
639 743 1
639 784 1
639 810 1
640 892 1
640 933 1
640 972 1
640 974 1
641 168 1
641 254 1
641 759 1
641 854 1
641 950 1
642 256 1
642 514 1
642 683 1
642 873 1
643 518 1
643 585 1
643 660 1
644 306 1
644 598 1
644 640 1
644 662 1
644 804 1
644 915 1
645 159 1
645 427 1
645 498 1
645 503 1
645 974 1
646 17 1
646 254 1
646 480 1
646 553 1
647 13 1
647 199 1
647 365 1
647 564 1
647 740 1
648 254 1
648 28 1
649 534 1
649 558 1
649 707 1
649 939 1
650 290 1
650 302 1
650 405 1
650 6 1
650 867 1
650 94 1
651 254 1
651 330 1
651 457 1
651 588 1
652 254 1
652 404 1
652 532 1
652 974 1
653 299 1
653 37 1
653 514 1
653 745 1
653 974 1
654 425 1
654 536 1
654 610 1
654 652 1
654 715 1
654 946 1
655 232 1
655 346 1
655 415 1
656 449 1
656 535 1
656 573 1
656 895 1
657 150 1
657 519 1
657 591 1
658 254 1
658 614 1
658 882 1
658 974 1
659 1000 1
659 254 1
659 500 1
659 922 1
659 974 1
660 254 1
660 40 1
660 51 1
660 757 1
660 797 1
660 950 1
660 974 1
661 225 1
661 254 1
661 418 1
661 795 1
661 804 1
661 964 1
662 254 1
662 260 1
662 330 1
662 403 1
662 50 1
662 531 1
663 208 1
663 360 1
663 632 1
663 974 1
664 430 1
664 502 1
664 522 1
664 743 1
664 75 1
664 905 1
665 111 1
665 205 1
665 266 1
665 367 1
665 514 1
665 634 1
665 667 1
665 773 1
666 118 1
666 282 1
666 572 1
666 925 1
666 974 1
667 203 1
667 597 1
667 768 1
667 871 1
667 974 1
668 137 1
668 254 1
668 650 1
668 67 1
668 940 1
669 240 1
669 384 1
669 449 1
669 612 1
669 990 1
670 246 1
670 254 1
670 269 1
670 965 1
670 974 1
671 184 1
671 349 1
671 667 1
671 869 1
671 887 1
672 115 1
672 126 1
672 682 1
672 776 1
673 295 1
673 663 1
673 974 1
674 254 1
674 750 1
674 850 1
675 163 1
675 2 1
675 254 1
675 678 1
675 75 1
675 858 1
675 913 1
675 959 1
676 40 1
676 463 1
676 7 1
676 922 1
677 254 1
677 416 1
677 452 1
677 540 1
678 431 1
678 762 1
678 811 1
678 974 1
679 151 1
679 186 1
679 254 1
679 429 1
679 527 1
679 856 1
679 956 1
680 254 1
680 715 1
680 903 1
681 254 1
681 286 1
681 639 1
681 843 1
682 254 1
682 895 1
682 902 1
682 9 1
682 974 1
683 239 1
683 254 1
683 296 1
683 376 1
683 665 1
684 231 1
684 777 1
685 249 1
685 254 1
685 334 1
685 636 1
686 208 1
686 35 1
686 851 1
686 899 1
687 131 1
687 250 1
687 717 1
687 876 1
687 974 1
688 113 1
688 241 1
688 343 1
688 660 1
688 969 1
689 686 1
689 837 1
690 1 1
690 187 1
690 254 1
690 480 1
690 863 1
691 254 1
691 264 1
691 54 1
691 752 1
692 13 1
692 847 1
692 941 1
692 974 1
693 176 1
693 240 1
693 254 1
693 296 1
693 342 1
693 767 1
693 986 1
694 254 1
694 383 1
694 575 1
695 136 1
695 311 1
695 594 1
696 171 1
696 248 1
696 26 1
696 301 1
696 974 1
697 254 1
697 36 1
697 556 1
697 676 1
698 329 1
698 462 1
698 737 1
699 126 1
699 134 1
699 293 1
699 546 1
699 700 1
699 974 1
700 104 1
700 280 1
700 448 1
700 679 1
700 833 1
701 254 1
701 72 1
701 749 1
701 801 1
701 956 1
702 320 1
702 860 1
702 899 1
702 974 1
703 147 1
703 401 1
703 462 1
703 469 1
703 908 1
704 195 1
704 244 1
704 326 1
704 424 1
704 991 1
705 197 1
705 254 1
705 359 1
705 474 1
705 719 1
705 723 1
705 974 1
706 115 1
706 174 1
706 331 1
706 56 1
706 711 1
706 937 1
706 951 1
706 985 1
707 231 1
707 654 1
707 756 1
707 759 1
707 790 1
708 251 1
708 254 1
708 622 1
708 982 1
709 137 1
709 324 1
709 458 1
709 988 1
710 193 1
710 254 1
710 292 1
710 788 1
710 901 1
710 937 1
710 940 1
710 966 1
711 158 1
711 300 1
711 384 1
711 486 1
711 977 1
712 123 1
712 138 1
712 279 1
712 748 1
713 254 1
713 467 1
713 770 1
713 775 1
714 378 1
714 618 1
714 754 1
714 929 1
715 164 1
715 267 1
715 271 1
715 367 1
715 459 1
715 754 1
715 945 1
716 171 1
716 362 1
716 472 1
716 791 1
716 974 1
717 253 1
717 254 1
717 48 1
717 484 1
717 974 1
718 232 1
718 254 1
718 509 1
719 146 1
719 254 1
719 315 1
719 489 1
719 554 1
719 974 1
720 194 1
720 335 1
720 705 1
720 758 1
720 985 1
721 132 1
721 254 1
721 606 1
721 693 1
722 150 1
722 196 1
722 237 1
722 350 1
722 469 1
722 779 1
723 135 1
723 254 1
723 413 1
723 544 1
723 863 1
724 415 1
724 49 1
724 529 1
724 92 1
725 104 1
725 182 1
725 246 1
725 254 1
725 47 1
725 559 1
726 254 1
726 366 1
726 52 1
726 75 1
726 827 1
726 895 1
726 965 1
727 254 1
727 543 1
727 69 1
727 741 1
727 913 1
727 974 1
728 254 1
728 564 1
728 719 1
728 865 1
728 922 1
729 646 1
729 746 1
729 974 1
730 254 1
730 29 1
730 367 1
731 167 1
731 313 1
731 614 1
731 706 1
731 716 1
731 813 1
731 974 1
732 800 1
732 870 1
732 932 1
732 951 1
733 103 1
733 254 1
733 511 1
733 716 1
733 770 1
734 424 1
734 447 1
734 551 1
734 557 1
734 984 1
735 215 1
735 254 1
735 387 1
735 746 1
736 254 1
736 285 1
736 348 1
736 549 1
736 974 1
737 116 1
737 141 1
737 254 1
737 314 1
737 736 1
737 756 1
737 990 1
738 254 1
738 524 1
738 720 1
739 107 1
739 160 1
739 254 1
739 651 1
739 691 1
739 974 1
740 254 1
740 626 1
740 797 1
740 890 1
740 918 1
741 25 1
741 357 1
741 412 1
741 51 1
741 622 1
741 675 1
742 315 1
742 400 1
742 538 1
742 974 1
743 254 1
743 292 1
743 638 1
743 812 1
743 948 1
744 239 1
744 254 1
744 500 1
744 733 1
745 160 1
745 336 1
745 368 1
745 396 1
745 423 1
745 66 1
745 917 1
746 161 1
746 410 1
746 564 1
746 63 1
746 726 1
746 826 1
746 830 1
747 254 1
747 322 1
747 898 1
747 974 1
748 226 1
748 254 1
748 454 1
748 546 1
748 695 1
748 982 1
749 119 1
749 382 1
749 552 1
749 653 1
749 857 1
749 974 1
750 364 1
750 974 1
750 996 1
751 150 1
751 22 1
751 254 1
751 726 1
751 773 1
751 8 1
751 868 1
752 192 1
752 284 1
752 602 1
752 974 1
753 227 1
753 254 1
753 974 1
754 254 1
754 612 1
754 626 1
754 828 1
754 974 1
755 185 1
755 351 1
755 391 1
755 492 1
755 832 1
756 361 1
756 373 1
756 421 1
756 755 1
756 9 1
757 254 1
757 449 1
757 948 1
758 493 1
758 62 1
759 108 1
759 254 1
759 701 1
759 974 1
760 320 1
760 773 1
760 859 1
760 934 1
760 974 1
761 25 1
761 254 1
761 485 1
761 498 1
761 600 1
761 630 1
761 659 1
761 974 1
762 250 1
762 39 1
762 495 1
762 739 1
762 968 1
763 254 1
763 473 1
763 562 1
764 254 1
764 355 1
764 405 1
764 455 1
765 251 1
765 254 1
765 871 1
765 974 1
766 254 1
766 263 1
766 942 1
767 254 1
767 287 1
767 37 1
767 818 1
767 974 1
768 19 1
768 320 1
768 727 1
768 733 1
768 866 1
768 930 1
769 454 1
769 476 1
769 665 1
769 963 1
770 254 1
770 308 1
770 836 1
770 844 1
770 855 1
770 926 1
771 254 1
771 647 1
771 660 1
771 670 1
771 742 1
771 934 1
772 138 1
772 22 1
772 254 1
772 629 1
773 143 1
773 254 1
773 258 1
773 702 1
773 740 1
773 988 1
774 303 1
774 389 1
774 63 1
774 660 1
775 254 1
775 262 1
775 289 1
775 345 1
775 58 1
775 719 1
776 101 1
776 109 1
776 254 1
776 497 1
776 617 1
776 838 1
777 207 1
777 254 1
777 377 1
777 632 1
777 674 1
777 825 1
778 324 1
778 436 1
779 254 1
779 333 1
779 335 1
780 126 1
780 211 1
780 504 1
781 128 1
781 146 1
781 267 1
781 644 1
781 790 1
782 207 1
782 518 1
782 650 1
782 752 1
782 839 1
783 582 1
783 643 1
783 68 1
783 888 1
783 952 1
784 181 1
784 543 1
784 644 1
784 919 1
785 323 1
785 363 1
785 415 1
785 69 1
785 745 1
786 264 1
786 459 1
786 465 1
786 806 1
787 122 1
787 319 1
787 447 1
787 763 1
787 967 1
787 99 1
788 213 1
788 254 1
788 53 1
788 628 1
789 490 1
789 554 1
789 858 1
789 935 1
790 202 1
790 254 1
790 419 1
790 68 1
790 73 1
790 974 1
791 192 1
791 233 1
791 253 1
791 266 1
791 418 1
791 566 1
791 651 1
791 720 1
792 234 1
792 254 1
792 824 1
793 254 1
793 265 1
793 266 1
793 277 1
793 521 1
793 573 1
794 301 1
794 635 1
794 704 1
794 975 1
795 254 1
795 343 1
795 46 1
795 614 1
796 254 1
796 304 1
796 617 1
796 709 1
796 998 1
797 254 1
797 276 1
797 661 1
797 770 1
797 985 1
798 506 1
798 555 1
798 607 1
798 764 1
798 821 1
798 846 1
799 121 1
799 254 1
799 986 1
800 132 1
800 350 1
800 831 1
800 88 1
801 237 1
801 256 1
801 316 1
801 494 1
801 65 1
801 653 1
801 892 1
802 30 1
802 360 1
802 887 1
803 254 1
803 408 1
803 542 1
803 692 1
803 990 1
804 188 1
804 191 1
804 599 1
804 605 1
804 883 1
805 265 1
805 322 1
805 714 1
805 746 1
805 824 1
805 830 1
805 974 1
806 221 1
806 224 1
806 254 1
806 345 1
806 443 1
806 468 1
806 49 1
806 75 1
807 263 1
807 365 1
807 508 1
807 514 1
807 544 1
808 113 1
808 976 1
808 989 1
809 22 1
809 254 1
809 504 1
809 725 1
810 254 1
810 312 1
810 849 1
811 236 1
811 448 1
811 605 1
812 125 1
812 254 1
812 437 1
812 534 1
812 683 1
812 93 1
813 254 1
813 292 1
813 681 1
813 74 1
813 951 1
814 254 1
814 616 1
814 715 1
814 793 1
815 229 1
815 687 1
815 688 1
815 974 1
816 254 1
816 342 1
816 473 1
816 749 1
816 91 1
817 141 1
817 254 1
817 972 1
817 974 1
818 104 1
818 213 1
818 356 1
818 498 1
819 11 1
819 302 1
819 312 1
819 535 1
819 608 1
819 974 1
820 180 1
820 254 1
820 621 1
820 63 1
821 254 1
821 565 1
821 932 1
822 24 1
822 254 1
822 964 1
823 15 1
823 152 1
823 484 1
823 577 1
823 953 1
823 974 1
824 254 1
824 787 1
824 962 1
824 974 1
824 982 1
824 99 1
825 256 1
825 278 1
825 515 1
825 637 1
825 646 1
825 698 1
826 254 1
826 392 1
826 974 1
826 989 1
827 254 1
827 49 1
827 498 1
827 795 1
827 829 1
828 211 1
828 254 1
828 612 1
828 643 1
828 693 1
828 821 1
829 188 1
829 20 1
829 370 1
829 494 1
830 359 1
830 974 1
830 975 1
830 997 1
831 380 1
831 382 1
831 447 1
831 637 1
831 690 1
831 913 1
832 172 1
832 261 1
832 507 1
832 611 1
832 974 1
833 176 1
833 564 1
833 616 1
833 987 1
834 130 1
834 2 1
834 290 1
834 374 1
834 79 1
835 133 1
835 157 1
835 377 1
835 645 1
835 903 1
836 32 1
836 417 1
836 617 1
836 717 1
836 974 1
837 254 1
837 488 1
837 506 1
837 738 1
837 784 1
838 54 1
838 574 1
838 628 1
838 671 1
838 730 1
838 916 1
838 937 1
838 974 1
839 254 1
839 291 1
839 380 1
839 430 1
839 525 1
839 610 1
839 669 1
839 889 1
840 254 1
840 649 1
840 726 1
840 974 1
841 381 1
841 66 1
841 761 1
841 902 1
842 451 1
842 678 1
842 680 1
842 693 1
842 699 1
843 254 1
843 317 1
843 842 1
843 947 1
844 121 1
844 254 1
844 525 1
844 531 1
844 936 1
845 126 1
845 160 1
845 232 1
845 511 1
846 335 1
846 463 1
846 854 1
846 974 1
847 254 1
847 363 1
847 461 1
847 817 1
847 974 1
848 546 1
848 59 1
848 685 1
849 289 1
849 625 1
849 690 1
849 700 1
849 914 1
849 958 1
849 974 1
850 217 1
850 254 1
850 332 1
850 398 1
850 560 1
850 927 1
851 254 1
851 395 1
851 594 1
851 660 1
851 834 1
852 169 1
852 490 1
852 940 1
852 974 1
852 991 1
853 254 1
853 323 1
853 69 1
854 254 1
854 508 1
854 609 1
854 708 1
854 909 1
855 148 1
855 187 1
855 225 1
855 284 1
855 286 1
855 9 1
856 133 1
856 254 1
856 668 1
856 984 1
857 24 1
857 254 1
857 26 1
857 469 1
858 145 1
858 474 1
858 639 1
859 286 1
859 566 1
859 72 1
859 974 1
860 252 1
860 329 1
860 615 1
860 892 1
861 207 1
861 254 1
861 557 1
861 642 1
861 799 1
862 254 1
862 393 1
862 696 1
862 789 1
862 974 1
863 311 1
863 54 1
863 974 1
864 254 1
864 371 1
864 433 1
864 819 1
864 974 1
865 151 1
865 17 1
865 555 1
865 583 1
865 790 1
865 815 1
866 254 1
866 272 1
866 439 1
866 542 1
866 569 1
867 254 1
867 429 1
867 626 1
867 90 1
868 244 1
868 27 1
868 385 1
868 854 1
868 875 1
869 254 1
869 577 1
869 58 1
869 997 1
870 254 1
870 574 1
870 588 1
870 878 1
871 101 1
871 206 1
871 254 1
871 665 1
871 832 1
872 398 1
872 52 1
872 572 1
873 192 1
873 215 1
873 851 1
873 860 1
874 281 1
874 307 1
874 3 1
874 497 1
875 321 1
875 42 1
875 800 1
876 219 1
876 395 1
876 413 1
876 559 1
876 701 1
877 254 1
877 817 1
877 938 1
877 95 1
878 254 1
878 340 1
878 401 1
878 974 1
879 142 1
879 254 1
879 406 1
879 603 1
879 693 1
879 777 1
880 140 1
880 193 1
880 5 1
880 625 1
880 79 1
880 909 1
881 254 1
881 339 1
881 416 1
881 687 1
882 126 1
882 254 1
882 43 1
883 254 1
883 974 1
884 206 1
884 522 1
884 895 1
884 943 1
885 146 1
885 199 1
885 476 1
885 733 1
885 899 1
886 10 1
886 274 1
886 551 1
886 593 1
886 848 1
886 959 1
887 132 1
887 254 1
887 341 1
887 4 1
887 775 1
888 171 1
888 306 1
888 771 1
889 214 1
889 313 1
889 490 1
889 499 1
889 891 1
889 974 1
890 326 1
890 576 1
890 583 1
890 634 1
890 737 1
890 948 1
891 134 1
891 315 1
891 361 1
891 707 1
892 254 1
892 322 1
892 598 1
892 641 1
892 941 1
892 974 1
893 10 1
893 353 1
893 559 1
893 824 1
893 876 1
893 937 1
894 339 1
894 648 1
894 682 1
894 974 1
895 254 1
895 272 1
895 376 1
895 464 1
895 713 1
895 783 1
895 840 1
896 352 1
896 414 1
896 430 1
896 899 1
897 187 1
897 254 1
897 553 1
897 577 1
897 968 1
898 320 1
898 353 1
898 724 1
898 73 1
899 254 1
899 476 1
899 606 1
899 608 1
899 84 1
899 91 1
900 200 1
900 284 1
900 754 1
900 879 1
900 967 1
901 24 1
901 254 1
901 466 1
901 673 1
901 77 1
901 86 1
901 974 1
902 209 1
902 544 1
902 612 1
902 776 1
902 974 1
903 179 1
903 39 1
903 719 1
903 747 1
903 95 1
903 951 1
903 974 1
904 16 1
904 254 1
904 702 1
904 974 1
905 185 1
905 190 1
905 217 1
905 992 1
906 128 1
906 25 1
906 500 1
906 614 1
906 73 1
906 786 1
906 790 1
906 888 1
907 252 1
907 528 1
907 679 1
908 135 1
908 240 1
908 420 1
908 974 1
909 254 1
909 295 1
909 338 1
909 557 1
909 609 1
909 613 1
909 91 1
909 912 1
910 596 1
910 759 1
910 761 1
910 974 1
911 160 1
911 368 1
911 710 1
911 974 1
912 243 1
912 254 1
912 321 1
912 545 1
912 624 1
912 879 1
912 94 1
913 225 1
913 298 1
913 32 1
913 34 1
913 384 1
913 755 1
913 798 1
913 934 1
914 165 1
914 254 1
914 425 1
914 685 1
914 979 1
915 254 1
915 575 1
915 974 1
916 371 1
916 393 1
916 448 1
916 606 1
916 831 1
916 982 1
917 17 1
917 254 1
917 268 1
917 417 1
917 479 1
918 188 1
918 272 1
918 351 1
918 502 1
918 824 1
919 18 1
919 261 1
919 346 1
919 473 1
919 658 1
919 886 1
920 151 1
920 169 1
920 185 1
920 599 1
920 974 1
921 235 1
921 469 1
921 627 1
921 996 1
921 999 1
922 516 1
922 548 1
922 61 1
922 62 1
922 806 1
923 232 1
923 254 1
923 641 1
923 725 1
924 176 1
924 254 1
924 514 1
925 154 1
925 493 1
925 56 1
925 564 1
925 856 1
926 254 1
926 407 1
926 87 1
927 12 1
927 146 1
927 217 1
927 282 1
927 50 1
927 520 1
927 806 1
928 199 1
928 478 1
928 730 1
928 817 1
929 873 1
929 925 1
929 931 1
930 254 1
930 262 1
930 346 1
930 349 1
930 692 1
931 11 1
931 367 1
931 426 1
932 167 1
932 271 1
932 317 1
932 451 1
932 801 1
932 974 1
933 186 1
933 254 1
933 360 1
933 453 1
933 952 1
934 254 1
934 28 1
934 5 1
934 83 1
934 974 1
935 254 1
935 523 1
935 768 1
935 791 1
935 796 1
935 974 1
936 13 1
936 524 1
936 591 1
936 974 1
937 254 1
937 324 1
937 338 1
937 543 1
937 845 1
937 914 1
937 974 1
937 976 1
938 183 1
938 372 1
938 582 1
938 675 1
939 330 1
939 854 1
939 859 1
939 880 1
940 209 1
940 613 1
940 617 1
940 872 1
940 944 1
940 960 1
941 13 1
941 197 1
941 312 1
941 452 1
941 502 1
941 668 1
941 879 1
941 897 1
942 170 1
942 232 1
942 243 1
942 298 1
942 533 1
942 685 1
942 86 1
942 959 1
942 976 1
943 25 1
943 769 1
943 806 1
943 840 1
943 855 1
943 865 1
943 962 1
944 299 1
944 436 1
944 731 1
944 855 1
944 974 1
945 209 1
945 254 1
945 764 1
945 912 1
946 254 1
946 572 1
946 846 1
946 892 1
947 254 1
947 423 1
947 554 1
947 592 1
947 621 1
947 974 1
948 254 1
948 277 1
948 371 1
948 92 1
949 430 1
949 738 1
950 128 1
950 151 1
950 279 1
950 531 1
950 916 1
950 974 1
951 561 1
951 739 1
951 749 1
951 8 1
951 890 1
951 913 1
951 974 1
952 207 1
952 254 1
952 323 1
952 496 1
952 723 1
952 84 1
953 254 1
953 465 1
953 567 1
953 636 1
953 668 1
954 254 1
954 331 1
954 602 1
954 732 1
954 798 1
954 892 1
955 281 1
955 314 1
955 71 1
956 44 1
956 509 1
956 526 1
956 809 1
956 868 1
957 166 1
957 191 1
957 311 1
957 807 1
957 895 1
957 974 1
958 216 1
958 25 1
958 283 1
958 315 1
958 343 1
958 369 1
958 847 1
959 254 1
959 463 1
959 58 1
959 893 1
959 921 1
959 946 1
960 168 1
960 831 1
960 908 1
961 881 1
961 901 1
961 915 1
961 92 1
962 295 1
962 851 1
962 974 1
963 254 1
963 344 1
963 455 1
963 60 1
963 835 1
964 102 1
964 254 1
964 361 1
964 505 1
964 837 1
964 927 1
965 253 1
965 357 1
965 385 1
965 553 1
965 974 1
966 254 1
966 291 1
966 340 1
966 46 1
966 591 1
967 175 1
967 744 1
967 794 1
967 819 1
967 941 1
968 237 1
968 254 1
968 351 1
968 61 1
969 321 1
969 371 1
969 974 1
969 994 1
970 226 1
970 410 1
970 464 1
970 842 1
971 245 1
971 507 1
971 877 1
971 890 1
971 896 1
971 930 1
971 974 1
972 254 1
972 431 1
972 7 1
972 910 1
973 293 1
973 332 1
973 354 1
973 559 1
973 724 1
973 864 1
973 885 1
974 1000 1
974 102 1
974 107 1
974 109 1
974 114 1
974 118 1
974 12 1
974 13 1
974 131 1
974 136 1
974 137 1
974 138 1
974 139 1
974 144 1
974 147 1
974 16 1
974 164 1
974 165 1
974 172 1
974 173 1
974 174 1
974 180 1
974 18 1
974 187 1
974 192 1
974 193 1
974 20 1
974 205 1
974 213 1
974 216 1
974 220 1
974 22 1
974 222 1
974 226 1
974 231 1
974 233 1
974 239 1
974 24 1
974 241 1
974 242 1
974 244 1
974 245 1
974 25 1
974 251 1
974 253 1
974 255 1
974 265 1
974 272 1
974 283 1
974 285 1
974 29 1
974 303 1
974 307 1
974 315 1
974 321 1
974 322 1
974 325 1
974 326 1
974 331 1
974 332 1
974 334 1
974 338 1
974 342 1
974 344 1
974 350 1
974 35 1
974 354 1
974 36 1
974 370 1
974 375 1
974 384 1
974 385 1
974 386 1
974 388 1
974 390 1
974 400 1
974 403 1
974 407 1
974 4 1
974 41 1
974 414 1
974 416 1
974 422 1
974 424 1
974 43 1
974 437 1
974 44 1
974 442 1
974 445 1
974 45 1
974 455 1
974 456 1
974 458 1
974 459 1
974 460 1
974 46 1
974 461 1
974 469 1
974 471 1
974 472 1
974 473 1
974 476 1
974 481 1
974 482 1
974 483 1
974 484 1
974 485 1
974 501 1
974 503 1
974 508 1
974 509 1
974 51 1
974 513 1
974 517 1
974 519 1
974 522 1
974 523 1
974 530 1
974 53 1
974 532 1
974 536 1
974 539 1
974 54 1
974 55 1
974 557 1
974 558 1
974 559 1
974 566 1
974 567 1
974 568 1
974 572 1
974 576 1
974 579 1
974 583 1
974 593 1
974 595 1
974 597 1
974 601 1
974 605 1
974 61 1
974 612 1
974 619 1
974 62 1
974 624 1
974 63 1
974 632 1
974 633 1
974 634 1
974 639 1
974 641 1
974 646 1
974 648 1
974 651 1
974 654 1
974 655 1
974 661 1
974 662 1
974 665 1
974 668 1
974 669 1
974 672 1
974 675 1
974 677 1
974 679 1
974 688 1
974 690 1
974 691 1
974 693 1
974 697 1
974 700 1
974 701 1
974 704 1
974 708 1
974 7 1
974 710 1
974 71 1
974 711 1
974 713 1
974 714 1
974 721 1
974 725 1
974 726 1
974 732 1
974 734 1
974 737 1
974 74 1
974 743 1
974 748 1
974 764 1
974 768 1
974 769 1
974 770 1
974 77 1
974 771 1
974 772 1
974 773 1
974 776 1
974 777 1
974 781 1
974 784 1
974 786 1
974 787 1
974 788 1
974 791 1
974 792 1
974 793 1
974 804 1
974 809 1
974 814 1
974 825 1
974 827 1
974 828 1
974 831 1
974 834 1
974 844 1
974 845 1
974 850 1
974 854 1
974 861 1
974 866 1
974 867 1
974 869 1
974 873 1
974 879 1
974 880 1
974 881 1
974 885 1
974 886 1
974 890 1
974 906 1
974 909 1
974 914 1
974 917 1
974 919 1
974 924 1
974 927 1
974 941 1
974 942 1
974 943 1
974 946 1
974 952 1
974 958 1
974 96 1
974 963 1
974 977 1
974 978 1
974 984 1
974 986 1
974 987 1
974 988 1
974 989 1
974 99 1
974 997 1
975 254 1
975 305 1
975 952 1
976 339 1
976 805 1
976 907 1
976 974 1
976 991 1
977 16 1
977 254 1
977 284 1
977 850 1
978 254 1
978 511 1
978 516 1
978 696 1
979 116 1
979 254 1
979 498 1
980 238 1
980 254 1
980 616 1
981 225 1
981 427 1
981 663 1
981 719 1
981 974 1
981 994 1
982 201 1
982 254 1
982 273 1
982 696 1
982 703 1
982 974 1
983 254 1
984 151 1
984 254 1
984 471 1
984 751 1
984 753 1
984 8 1
985 223 1
985 494 1
985 913 1
985 936 1
986 145 1
986 260 1
986 429 1
986 704 1
986 722 1
987 140 1
987 176 1
987 571 1
987 806 1
987 881 1
987 902 1
987 92 1
988 222 1
988 224 1
988 320 1
988 442 1
988 488 1
988 603 1
988 607 1
988 732 1
989 466 1
989 688 1
989 693 1
989 89 1
989 987 1
990 3 1
990 555 1
990 811 1
990 843 1
990 88 1
990 974 1
990 982 1
990 999 1
991 141 1
991 282 1
991 450 1
991 489 1
991 614 1
991 633 1
992 100 1
992 420 1
992 485 1
992 974 1
993 170 1
993 247 1
993 543 1
993 649 1
993 650 1
993 727 1
993 974 1
994 254 1
994 549 1
994 632 1
994 633 1
994 659 1
994 857 1
995 312 1
995 544 1
995 818 1
996 226 1
996 403 1
996 712 1
996 725 1
996 777 1
997 254 1
997 484 1
997 576 1
997 58 1
997 587 1
998 254 1
998 377 1
998 803 1
998 804 1
998 974 1
999 254 1
999 273 1
999 677 1
999 796 1
999 798 1
999 879 1
1000 254 1
1000 528 1
1000 623 1
1000 847 1
