100 1050
1 12 1
1 23 1
1 50 1
1 51 1
1 64 1
1 66 1
1 78 1
1 79 1
1 89 1
2 11 1
2 29 1
2 65 1
2 75 1
2 76 1
2 78 1
2 87 1
2 98 1
3 23 1
3 31 1
3 37 1
3 41 1
3 46 1
3 65 1
3 71 1
3 78 1
3 87 1
3 91 1
3 94 1
3 98 1
4 1 1
4 12 1
4 14 1
4 20 1
4 58 1
4 66 1
4 69 1
4 77 1
4 82 1
5 12 1
5 4 1
5 67 1
5 71 1
5 74 1
5 82 1
5 9 1
5 98 1
5 99 1
6 18 1
6 20 1
6 32 1
6 49 1
6 52 1
6 55 1
6 63 1
6 64 1
6 88 1
6 9 1
7 28 1
7 46 1
7 55 1
7 66 1
7 67 1
7 79 1
7 81 1
7 85 1
7 88 1
8 12 1
8 32 1
8 61 1
8 67 1
8 7 1
8 74 1
8 78 1
8 80 1
8 88 1
8 97 1
9 1 1
9 12 1
9 13 1
9 35 1
9 41 1
9 46 1
9 55 1
9 60 1
9 86 1
10 12 1
10 18 1
10 31 1
10 37 1
10 50 1
10 56 1
10 65 1
10 72 1
10 92 1
11 12 1
11 19 1
11 27 1
11 35 1
11 6 1
11 73 1
11 79 1
11 90 1
11 97 1
12 100 1
12 14 1
12 15 1
12 16 1
12 17 1
12 18 1
12 2 1
12 21 1
12 23 1
12 25 1
12 27 1
12 3 1
12 33 1
12 34 1
12 36 1
12 37 1
12 38 1
12 41 1
12 44 1
12 45 1
12 47 1
12 51 1
12 52 1
12 53 1
12 54 1
12 55 1
12 57 1
12 58 1
12 6 1
12 61 1
12 62 1
12 66 1
12 67 1
12 69 1
12 7 1
12 71 1
12 73 1
12 74 1
12 80 1
12 83 1
12 84 1
12 86 1
12 87 1
12 94 1
12 95 1
12 96 1
12 97 1
12 98 1
12 99 1
13 12 1
13 14 1
13 18 1
13 34 1
13 51 1
13 6 1
13 70 1
13 86 1
13 87 1
13 98 1
14 23 1
14 26 1
14 30 1
14 51 1
14 56 1
14 67 1
14 79 1
14 8 1
14 88 1
14 9 1
14 93 1
15 100 1
15 11 1
15 2 1
15 56 1
15 57 1
15 58 1
15 62 1
15 66 1
15 75 1
15 96 1
15 99 1
16 3 1
16 40 1
16 70 1
16 75 1
17 29 1
17 30 1
17 35 1
17 36 1
17 73 1
17 88 1
17 91 1
18 19 1
18 20 1
18 2 1
18 24 1
18 48 1
18 64 1
18 68 1
18 80 1
18 8 1
18 85 1
19 12 1
19 20 1
19 22 1
19 28 1
19 33 1
19 52 1
19 54 1
19 69 1
19 7 1
19 76 1
19 79 1
19 93 1
20 12 1
20 15 1
20 21 1
20 24 1
20 49 1
20 5 1
20 58 1
20 69 1
20 72 1
20 79 1
20 82 1
20 86 1
21 10 1
21 13 1
21 19 1
21 26 1
21 30 1
21 34 1
21 39 1
21 55 1
21 61 1
21 64 1
21 76 1
21 80 1
21 86 1
21 9 1
22 12 1
22 20 1
22 31 1
22 32 1
22 34 1
22 35 1
22 48 1
22 5 1
22 53 1
22 63 1
22 79 1
22 82 1
22 87 1
22 95 1
23 18 1
23 22 1
23 46 1
23 77 1
23 85 1
23 99 1
24 12 1
24 13 1
24 15 1
24 28 1
24 41 1
24 64 1
24 87 1
25 14 1
25 24 1
25 45 1
25 47 1
25 56 1
25 7 1
25 73 1
25 77 1
25 79 1
25 83 1
25 86 1
25 94 1
26 100 1
26 12 1
26 19 1
26 28 1
26 31 1
26 79 1
26 80 1
26 81 1
26 89 1
27 28 1
27 3 1
27 33 1
27 5 1
27 69 1
27 70 1
27 75 1
27 77 1
27 96 1
28 10 1
28 12 1
28 4 1
28 44 1
28 51 1
28 52 1
28 64 1
28 67 1
28 70 1
28 81 1
28 88 1
28 92 1
28 93 1
29 10 1
29 1 1
29 12 1
29 26 1
29 43 1
29 55 1
29 6 1
29 63 1
29 79 1
29 95 1
30 12 1
30 13 1
30 15 1
30 18 1
30 22 1
30 38 1
30 72 1
30 9 1
30 91 1
30 95 1
30 99 1
31 1 1
31 12 1
31 13 1
31 19 1
31 42 1
31 46 1
31 6 1
31 67 1
31 72 1
31 97 1
32 12 1
32 16 1
32 21 1
32 3 1
32 38 1
32 39 1
32 5 1
32 76 1
32 78 1
32 87 1
32 97 1
33 32 1
33 52 1
33 57 1
33 63 1
33 70 1
33 77 1
33 80 1
33 84 1
34 39 1
34 43 1
34 44 1
34 7 1
34 73 1
34 77 1
34 82 1
34 83 1
35 12 1
35 13 1
35 21 1
35 32 1
35 37 1
35 42 1
35 44 1
35 46 1
35 52 1
35 84 1
36 1 1
36 2 1
36 22 1
36 26 1
36 29 1
36 4 1
36 47 1
36 57 1
36 58 1
36 90 1
36 94 1
36 99 1
37 20 1
37 31 1
37 33 1
37 36 1
37 4 1
37 44 1
37 45 1
37 6 1
37 74 1
37 8 1
37 87 1
38 10 1
38 22 1
38 37 1
38 4 1
38 48 1
38 49 1
38 58 1
38 59 1
38 79 1
39 12 1
39 29 1
39 47 1
39 48 1
39 51 1
39 52 1
39 95 1
40 10 1
40 12 1
40 43 1
40 44 1
40 56 1
40 62 1
40 65 1
40 66 1
40 83 1
41 10 1
41 19 1
41 21 1
41 44 1
41 60 1
41 74 1
41 76 1
41 89 1
41 97 1
42 12 1
42 50 1
42 57 1
42 73 1
42 8 1
42 9 1
43 10 1
43 12 1
43 27 1
43 51 1
43 61 1
43 64 1
43 68 1
43 82 1
43 93 1
43 97 1
44 14 1
44 25 1
44 31 1
44 49 1
44 52 1
44 55 1
44 56 1
44 69 1
44 75 1
44 77 1
44 82 1
44 92 1
45 16 1
45 19 1
45 22 1
45 29 1
45 3 1
45 32 1
45 65 1
45 72 1
46 12 1
46 25 1
46 38 1
46 39 1
46 49 1
46 52 1
46 53 1
46 74 1
46 78 1
46 79 1
46 82 1
46 86 1
47 100 1
47 10 1
47 28 1
47 35 1
47 43 1
47 56 1
47 63 1
47 74 1
47 94 1
47 97 1
48 12 1
48 14 1
48 36 1
48 43 1
48 46 1
48 65 1
48 70 1
48 75 1
48 78 1
48 81 1
49 12 1
49 21 1
49 22 1
49 25 1
49 54 1
49 59 1
49 66 1
49 70 1
49 76 1
49 82 1
50 12 1
50 17 1
50 48 1
50 6 1
50 72 1
50 73 1
50 80 1
50 98 1
51 22 1
51 30 1
51 36 1
51 47 1
51 58 1
51 60 1
51 70 1
51 74 1
51 75 1
51 93 1
51 95 1
52 14 1
52 21 1
52 25 1
52 3 1
52 40 1
52 43 1
52 62 1
52 74 1
52 84 1
52 93 1
53 23 1
53 42 1
53 44 1
53 50 1
53 62 1
53 7 1
53 80 1
54 100 1
54 21 1
54 22 1
54 26 1
54 35 1
54 82 1
54 90 1
55 28 1
55 30 1
55 42 1
55 50 1
55 64 1
55 73 1
55 74 1
55 77 1
55 8 1
55 86 1
55 88 1
55 93 1
56 12 1
56 2 1
56 27 1
56 3 1
56 50 1
56 68 1
56 70 1
56 73 1
56 78 1
56 80 1
56 8 1
56 91 1
56 92 1
57 100 1
57 18 1
57 64 1
57 71 1
57 81 1
57 83 1
57 88 1
57 93 1
58 1 1
58 2 1
58 26 1
58 27 1
58 33 1
58 39 1
58 48 1
58 67 1
58 72 1
58 74 1
58 96 1
58 97 1
59 12 1
59 18 1
59 21 1
59 27 1
59 3 1
59 36 1
59 37 1
59 40 1
59 94 1
60 11 1
60 12 1
60 37 1
60 38 1
60 47 1
60 5 1
60 55 1
60 74 1
60 83 1
61 37 1
61 53 1
61 59 1
61 6 1
61 75 1
61 81 1
61 85 1
61 89 1
61 95 1
61 97 1
62 25 1
62 27 1
62 3 1
62 38 1
62 48 1
62 59 1
62 6 1
62 63 1
62 7 1
63 12 1
63 13 1
63 16 1
63 20 1
63 25 1
63 3 1
63 32 1
63 40 1
63 46 1
63 76 1
63 82 1
63 87 1
64 12 1
64 14 1
64 30 1
64 4 1
64 63 1
64 65 1
64 69 1
64 74 1
64 77 1
64 84 1
64 85 1
64 88 1
65 12 1
65 17 1
65 36 1
65 44 1
65 46 1
65 55 1
65 61 1
65 96 1
65 99 1
66 100 1
66 13 1
66 20 1
66 27 1
66 38 1
66 84 1
66 85 1
66 9 1
66 95 1
66 99 1
67 15 1
67 35 1
67 45 1
67 61 1
67 68 1
67 72 1
67 79 1
67 82 1
67 90 1
68 12 1
68 29 1
68 61 1
68 7 1
68 71 1
68 76 1
69 15 1
69 28 1
69 33 1
69 36 1
69 41 1
69 47 1
69 70 1
69 7 1
69 72 1
69 80 1
69 85 1
70 11 1
70 12 1
70 14 1
70 2 1
70 37 1
70 39 1
70 43 1
70 50 1
70 52 1
70 53 1
70 57 1
70 64 1
70 73 1
70 76 1
70 87 1
71 19 1
71 2 1
71 51 1
71 61 1
71 92 1
72 12 1
72 15 1
72 22 1
72 40 1
72 47 1
72 48 1
72 55 1
72 79 1
72 82 1
72 97 1
73 15 1
73 22 1
73 28 1
73 29 1
73 30 1
73 35 1
73 4 1
73 41 1
73 5 1
73 79 1
73 8 1
73 88 1
73 94 1
74 3 1
74 34 1
74 40 1
74 43 1
74 48 1
74 59 1
74 6 1
74 61 1
74 62 1
74 65 1
74 66 1
74 75 1
74 77 1
74 94 1
75 11 1
75 12 1
75 23 1
75 24 1
75 35 1
75 39 1
75 62 1
75 69 1
75 73 1
75 78 1
75 79 1
75 81 1
76 12 1
76 20 1
76 25 1
76 40 1
76 5 1
76 54 1
76 60 1
76 82 1
76 83 1
76 89 1
76 97 1
77 1 1
77 12 1
77 13 1
77 20 1
77 30 1
77 31 1
77 38 1
77 49 1
77 66 1
77 73 1
77 99 1
78 12 1
78 24 1
78 25 1
78 29 1
78 35 1
78 41 1
78 50 1
78 55 1
78 60 1
78 86 1
78 9 1
79 100 1
79 13 1
79 15 1
79 28 1
79 33 1
79 34 1
79 36 1
79 42 1
79 44 1
79 45 1
79 47 1
79 51 1
79 57 1
79 59 1
79 61 1
79 63 1
79 65 1
79 68 1
79 70 1
79 77 1
79 8 1
79 85 1
79 89 1
79 95 1
79 96 1
80 11 1
80 14 1
80 19 1
80 24 1
80 28 1
80 36 1
80 41 1
80 43 1
80 60 1
80 63 1
80 84 1
80 90 1
80 91 1
81 12 1
81 19 1
81 34 1
81 56 1
81 60 1
81 63 1
81 70 1
81 84 1
81 90 1
81 95 1
82 12 1
82 21 1
82 32 1
82 48 1
82 58 1
82 66 1
82 69 1
82 74 1
82 79 1
82 87 1
82 89 1
82 90 1
82 9 1
82 91 1
82 92 1
83 24 1
83 30 1
83 56 1
83 64 1
83 69 1
83 70 1
83 78 1
83 80 1
83 82 1
83 87 1
84 21 1
84 22 1
84 25 1
84 46 1
84 51 1
84 56 1
84 76 1
84 95 1
85 12 1
85 14 1
85 22 1
85 28 1
85 30 1
85 44 1
85 45 1
85 90 1
85 99 1
86 11 1
86 15 1
86 18 1
86 29 1
86 54 1
86 58 1
86 70 1
86 88 1
86 89 1
86 97 1
87 17 1
87 26 1
87 27 1
87 36 1
87 40 1
87 42 1
87 45 1
87 58 1
87 62 1
87 67 1
87 75 1
87 98 1
88 11 1
88 12 1
88 22 1
88 30 1
88 36 1
88 40 1
88 54 1
88 59 1
88 60 1
88 70 1
88 79 1
88 81 1
88 94 1
89 12 1
89 21 1
89 31 1
89 32 1
89 49 1
89 83 1
89 88 1
89 91 1
89 96 1
90 12 1
90 32 1
90 37 1
90 55 1
90 56 1
90 60 1
90 64 1
90 76 1
90 79 1
90 96 1
91 12 1
91 32 1
91 34 1
91 5 1
91 59 1
91 73 1
91 79 1
92 12 1
92 17 1
92 26 1
92 31 1
92 4 1
92 54 1
92 85 1
92 90 1
93 12 1
93 17 1
93 21 1
93 25 1
93 45 1
93 46 1
93 49 1
93 53 1
93 79 1
94 1 1
94 20 1
94 43 1
94 5 1
94 53 1
94 58 1
94 63 1
94 69 1
94 79 1
94 80 1
95 1 1
95 18 1
95 19 1
95 31 1
95 33 1
95 4 1
95 44 1
95 46 1
95 62 1
95 75 1
95 83 1
95 93 1
96 25 1
96 41 1
96 49 1
96 56 1
96 59 1
96 78 1
96 86 1
96 88 1
96 92 1
97 10 1
97 26 1
97 29 1
97 56 1
97 57 1
97 75 1
97 79 1
97 80 1
97 81 1
97 83 1
97 92 1
97 94 1
97 95 1
97 96 1
98 15 1
98 58 1
98 63 1
98 79 1
98 8 1
98 81 1
98 90 1
99 11 1
99 17 1
99 19 1
99 28 1
99 3 1
99 37 1
99 47 1
99 68 1
99 79 1
99 8 1
100 20 1
100 21 1
100 38 1
100 49 1
100 51 1
100 72 1
100 89 1
100 97 1
